-3.141592653589793 -1.2246467991473532e-16
-3.1365620808858865 -0.00503055148609996
-3.1315315081819795 -0.010060975666003946
-3.126500935478073 -0.015091145236736585
-3.121470362774166 -0.020120932901767453
-3.116439790070259 -0.025150211374229084
-3.1114092173663526 -0.03017885338014129
-3.1063786446624455 -0.03520673166163068
-3.101348071958539 -0.04023371898014981
-3.096317499254632 -0.04525968811970028
-3.0912869265507252 -0.05028451189004854
-3.086256353846818 -0.055308063129948244
-3.0812257811429116 -0.060330214710354706
-3.076195208439005 -0.0653508395376452
-3.071164635735098 -0.07036981055683393
-3.0661340630311913 -0.07538700075478605
-3.0611034903272842 -0.08040228316343506
-3.0560729176233776 -0.08541553086299232
-3.051042344919471 -0.09042661698516213
-3.046011772215564 -0.09543541471635099
-3.0409811995116574 -0.10044179730087546
-3.0359506268077503 -0.10544563804417308
-3.0309200541038437 -0.11044681031600494
-3.0258894813999366 -0.11544518755366392
-3.02085890869603 -0.12044064326517395
-3.0158283359921234 -0.1254330510324942
-3.0107977632882164 -0.13042228451471696
-3.0057671905843097 -0.13540821745126358
-3.0007366178804027 -0.14039072366508282
-2.995706045176496 -0.14536967706584042
-2.9906754724725895 -0.150344951653113
-2.9856448997686824 -0.1553164215195756
-2.980614327064776 -0.16028396085418642
-2.9755837543608687 -0.16524744394537386
-2.970553181656962 -0.17020674518421441
-2.965522608953055 -0.1751617390676147
-2.9604920362491485 -0.18011230020148425
-2.955461463545242 -0.1850583033039117
-2.950430890841335 -0.18999962320833402
-2.945400318137428 -0.19493613486670278
-2.940369745433521 -0.1998677133526516
-2.9353391727296145 -0.20479423386465426
-2.930308600025708 -0.20971557172918606
-2.925278027321801 -0.21463160240387744
-2.9202474546178943 -0.2195422014806646
-2.915216881913987 -0.22444724468894076
-2.9101863092100806 -0.22934660789869754
-2.905155736506174 -0.23424016712366943
-2.900125163802267 -0.2391277985244701
-2.8950945910983603 -0.244009378411725
-2.8900640183944533 -0.24888478324920457
-2.8850334456905466 -0.2537538896569472
-2.8800028729866396 -0.25861657441438474
-2.874972300282733 -0.26347271446345766
-2.8699417275788264 -0.268322186911732
-2.8649111548749193 -0.27316486903550813
-2.8598805821710127 -0.27800063828292537
-2.8548500094671057 -0.28282937227706606
-2.849819436763199 -0.28765094881904935
-2.8447888640592924 -0.29246524589112627
-2.8397582913553854 -0.2972721416597669
-2.8347277186514788 -0.30207151447874164
-2.8296971459475717 -0.306863242892203
-2.824666573243665 -0.31164720563775594
-2.8196360005397585 -0.31642328164952915
-2.8146054278358514 -0.32119135006123795
-2.809574855131945 -0.3259512902092416
-2.8045442824280378 -0.33070298163559975
-2.799513709724131 -0.33544630409111764
-2.794483137020224 -0.34018113753839235
-2.7894525643163175 -0.34490736215484735
-2.784421991612411 -0.3496248583357677
-2.779391418908504 -0.3543335066973255
-2.774360846204597 -0.3590331880795999
-2.76933027350069 -0.3637237835495956
-2.7642997007967836 -0.36840517440424925
-2.7592691280928765 -0.3730772421734367
-2.75423855538897 -0.3777398686229679
-2.7492079826850633 -0.38239293575758165
-2.7441774099811562 -0.3870363258239309
-2.7391468372772496 -0.3916699213135608
-2.734116264573343 -0.39629360496588556
-2.729085691869436 -0.40090725977115405
-2.7240551191655293 -0.40551076897341026
-2.7190245464616223 -0.4101040160734506
-2.7139939737577157 -0.41468688483176863
-2.7089634010538086 -0.4192592592715005
-2.703932828349902 -0.4238210236813561
-2.6989022556459954 -0.4283720626185505
-2.6938716829420883 -0.432912260911724
-2.6888411102381817 -0.43744150366385587
-2.6838105375342747 -0.4419596762551743
-2.678779964830368 -0.44646666434605425
-2.673749392126461 -0.450962353879914
-2.6687188194225544 -0.45544663108609845
-2.663688246718648 -0.45991938248276093
-2.6586576740147407 -0.46438049487973393
-2.653627101310834 -0.4688298553813924
-2.648596528606927 -0.4732673513895135
-2.6435659559030205 -0.47769287060612275
-2.6385353831991134 -0.48210630103633945
-2.633504810495207 -0.48650753099120736
-2.6284742377913 -0.4908964490905241
-2.623443665087393 -0.49527294426565854
-2.6184130923834865 -0.4996369057623606
-2.61338251967958 -0.5039882231435661
-2.608351946975673 -0.5083267862921905
-2.6033213742717662 -0.512652485413915
-2.598290801567859 -0.5169652110399663
-2.5932602288639526 -0.5212648540298855
-2.5882296561600455 -0.5255513055742922
-2.583199083456139 -0.5298244571976349
-2.5781685107522323 -0.5340842007609397
-2.5731379380483252 -0.5383304284645446
-2.5681073653444186 -0.5425630328508275
-2.563076792640512 -0.5467819068069273
-2.558046219936605 -0.5509869435674533
-2.553015647232698 -0.5551780367171867
-2.5479850745287913 -0.5593550801937742
-2.5429545018248847 -0.5635179682904129
-2.5379239291209776 -0.5676665956585244
-2.532893356417071 -0.57180085731042
-2.5278627837131644 -0.5759206486219594
-2.5228322110092574 -0.5800258653351977
-2.5178016383053508 -0.5841164035610228
-2.5127710656014437 -0.5881921597817865
-2.507740492897537 -0.5922530308539214
-2.50270992019363 -0.5962989140105548
-2.4976793474897234 -0.6003297068641051
-2.492648774785817 -0.6043453074088767
-2.4876182020819098 -0.6083456140236396
-2.482587629378003 -0.6123305254742004
-2.477557056674096 -0.6162999409159662
-2.4725264839701895 -0.6202537598964942
-2.4674959112662824 -0.6241918823580369
-2.462465338562376 -0.6281142086400706
-2.457434765858469 -0.6320206394818207
-2.452404193154562 -0.635911076024772
-2.4473736204506555 -0.6397854198151701
-2.442343047746749 -0.6436435728065141
-2.437312475042842 -0.6474854373620378
-2.432281902338935 -0.6513109162571791
-2.427251329635028 -0.6551199126820415
-2.4222207569311216 -0.6589123302438445
-2.4171901842272145 -0.6626880729693625
-2.412159611523308 -0.6664470453073524
-2.4071290388194013 -0.6701891521309739
-2.4020984661154943 -0.6739142987401953
-2.3970678934115877 -0.6776223908641896
-2.3920373207076806 -0.6813133346637223
-2.387006748003774 -0.6849870367335238
-2.381976175299867 -0.688643404104655
-2.3769456025959603 -0.6922823442468582
-2.3719150298920537 -0.6959037650709007
-2.3668844571881467 -0.6995075749309043
-2.36185388448424 -0.7030936826266638
-2.3568233117803334 -0.7066619974059563
-2.3517927390764264 -0.7102124289668376
-2.3467621663725193 -0.7137448874599263
-2.3417315936686127 -0.7172592834906786
-2.336701020964706 -0.7207555281216506
-2.331670448260799 -0.7242335328747492
-2.3266398755568924 -0.7276932097334695
-2.321609302852986 -0.7311344711451246
-2.316578730149079 -0.73455723002306
-2.311548157445172 -0.7379613997488564
-2.306517584741265 -0.7413468941745248
-2.3014870120373585 -0.7447136276246827
-2.2964564393334514 -0.7480615148987259
-2.291425866629545 -0.7513904712729819
-2.2863952939256382 -0.7547004125028555
-2.281364721221731 -0.7579912548249608
-2.2763341485178246 -0.7612629149592394
-2.2713035758139175 -0.76451531011107
-2.266273003110011 -0.7677483579733618
-2.261242430406104 -0.7709619767286394
-2.2562118577021972 -0.7741560850511108
-2.2511812849982906 -0.7773306021087281
-2.2461507122943836 -0.7804854475652314
-2.241120139590477 -0.783620541582182
-2.2360895668865703 -0.7867358048209835
-2.2310589941826633 -0.7898311584448896
-2.2260284214787567 -0.7929065241209979
-2.2209978487748496 -0.795961824022234
-2.215967276070943 -0.7989969808293196
-2.210936703367036 -0.8020119177327304
-2.2059061306631293 -0.8050065584346385
-2.2008755579592227 -0.8079808271508447
-2.1958449852553157 -0.8109346486126957
-2.190814412551409 -0.8138679480689882
-2.185783839847502 -0.816780651287862
-2.1807532671435954 -0.8196726845586771
-2.1757226944396884 -0.8225439746938806
-2.1706921217357817 -0.8253944490308571
-2.165661549031875 -0.8282240354337691
-2.160630976327968 -0.831032662295382
-2.1556004036240615 -0.8338202585388751
-2.150569830920155 -0.8365867536196424
-2.145539258216248 -0.8393320775270766
-2.1405086855123407 -0.8420561607863405
-2.135478112808434 -0.8447589344601257
-2.1304475401045275 -0.8474403301503975
-2.1254169674006205 -0.8501002800001257
-2.120386394696714 -0.8527387166950006
-2.1153558219928073 -0.8553555734651384
-2.1103252492889 -0.8579507840867697
-2.105294676584993 -0.8605242828839157
-2.100264103881087 -0.8630760047300496
-2.09523353117718 -0.8656058850497471
-2.090202958473273 -0.8681138598203171
-2.0851723857693663 -0.8705998655734242
-2.0801418130654596 -0.8730638393966946
-2.0751112403615526 -0.8755057189353079
-2.070080667657646 -0.8779254423935747
-2.0650500949537394 -0.8803229485365012
-2.0600195222498323 -0.8826981766913385
-2.0549889495459253 -0.8850510667491179
-2.0499583768420186 -0.8873815591661719
-2.044927804138112 -0.8896895949656418
-2.039897231434205 -0.8919751157389699
-2.0348666587302984 -0.8942380636473765
-2.0298360860263918 -0.8964783814233254
-2.0248055133224847 -0.8986960123719722
-2.0197749406185777 -0.9008909003725989
-2.014744367914671 -0.9030629898800341
-2.0097137952107644 -0.9052122259260598
-2.0046832225068574 -0.907338554120801
-1.9996526498029508 -0.9094419206541026
-1.994622077099044 -0.9115222722968918
-1.989591504395137 -0.9135795564025241
-1.9845609316912305 -0.9156137209081164
-1.9795303589873237 -0.9176247143358645
-1.9744997862834168 -0.9196124857943448
-1.96946921357951 -0.921576984979804
-1.9644386408756032 -0.9235181621774302
-1.9594080681716963 -0.9254359682626125
-1.9543774954677897 -0.9273303547021833
-1.9493469227638829 -0.929201273555647
-1.944316350059976 -0.9310486774763927
-1.9392857773560692 -0.9328725197128932
-1.9342552046521624 -0.934672754109887
-1.9292246319482556 -0.9364493351095475
-1.924194059244349 -0.9382022177526349
-1.919163486540442 -0.9399313576796349
-1.9141329138365353 -0.9416367111318803
-1.9091023411326284 -0.9433182349526594
-1.9040717684287216 -0.9449758865883073
-1.8990411957248148 -0.9466096240892833
-1.8940106230209082 -0.9482194061112321
-1.8889800503170013 -0.9498051919160309
-1.8839494776130945 -0.9513669413728192
-1.8789189049091877 -0.952904614959015
-1.8738883322052808 -0.9544181737613153
-1.868857759501374 -0.9559075794766801
-1.8638271867974674 -0.9573727944133025
-1.8587966140935606 -0.9588137814915616
-1.8537660413896537 -0.960230504244962
-1.848735468685747 -0.9616229268210558
-1.84370489598184 -0.9629910139823501
-1.8386743232779335 -0.9643347311071988
-1.8336437505740266 -0.9656540441906792
-1.8286131778701198 -0.9669489198454516
-1.823582605166213 -0.968219325302605
-1.8185520324623061 -0.969465228412486
-1.8135214597583993 -0.9706865976455124
-1.8084908870544927 -0.9718834020929715
-1.8034603143505858 -0.973055611467802
-1.798429741646679 -0.97420319610536
-1.7933991689427722 -0.9753261269641708
-1.7883685962388653 -0.9764243756266628
-1.7833380235349585 -0.9774979142998873
-1.778307450831052 -0.9785467158162214
-1.773276878127145 -0.9795707536340561
-1.7682463054232382 -0.9805700018384672
-1.7632157327193314 -0.9815444351418718
-1.7581851600154246 -0.9824940288846681
-1.7531545873115177 -0.9834187590358587
-1.7481240146076111 -0.9843186021936603
-1.7430934419037043 -0.9851935355860942
-1.7380628691997975 -0.9860435370715639
-1.7330322964958906 -0.9868685851394146
-1.7280017237919838 -0.987668658910478
-1.722971151088077 -0.9884437381376004
-1.7179405783841704 -0.9891938032061556
-1.7129100056802635 -0.9899188351345404
-1.7078794329763567 -0.9906188155746559
-1.7028488602724499 -0.9912937268123712
-1.697818287568543 -0.9919435517679719
-1.6927877148646364 -0.9925682739965924
-1.6877571421607296 -0.9931678776886319
-1.6827265694568228 -0.9937423476701546
-1.677695996752916 -0.9942916694032736
-1.672665424049009 -0.9948158289865191
-1.6676348513451023 -0.9953148131551897
-1.6626042786411956 -0.9957886092816883
-1.6575737059372888 -0.9962372053758421
-1.652543133233382 -0.9966605900852056
-1.6475125605294751 -0.9970587526953474
-1.6424819878255683 -0.9974316831301224
-1.6374514151216615 -0.9977793719519262
-1.6324208424177549 -0.9981018103619339
-1.627390269713848 -0.998398990200323
-1.6223596970099412 -0.9986709039464796
-1.6173291243060344 -0.998917544719189
-1.6122985516021275 -0.99913890627681
-1.6072679788982207 -0.9993349830174323
-1.602237406194314 -0.9995057699790183
-1.5972068334904073 -0.9996512628395295
-1.5921762607865004 -0.9997714579170351
-1.5871456880825936 -0.9998663521698054
-1.5821151153786868 -0.9999359431963885
-1.57708454267478 -0.9999802292356715
-1.5720539699708733 -0.9999992091669252
-1.5670233972669665 -0.9999928825098318
-1.5619928245630597 -0.9999612494244975
-1.5569622518591528 -0.9999043107114484
-1.551931679155246 -0.9998220678116102
-1.5469011064513392 -0.9997145228062719
-1.5418705337474325 -0.9995816784170327
-1.5368399610435257 -0.9994235380057336
-1.5318093883396189 -0.9992401055743719
-1.526778815635712 -0.9990313857650005
-1.5217482429318052 -0.9987973838596097
-1.5167176702278986 -0.9985381057799942
-1.5116870975239918 -0.9982535580876029
-1.506656524820085 -0.9979437479833726
-1.501625952116178 -0.9976086833075463
-1.4965953794122713 -0.9972483725394746
-1.4915648067083644 -0.9968628247974011
-1.4865342340044578 -0.9964520498382313
-1.481503661300551 -0.9960160580572864
-1.4764730885966442 -0.9955548604880395
-1.4714425158927373 -0.995068468801837
-1.4664119431888305 -0.9945568953076026
-1.4613813704849237 -0.9940201529515267
-1.456350797781017 -0.9934582553167376
-1.4513202250771102 -0.9928712166229587
-1.4462896523732034 -0.9922590517261485
-1.4412590796692966 -0.9916217761181242
-1.4362285069653897 -0.9909594059261699
-1.431197934261483 -0.9902719579126289
-1.4261673615575763 -0.9895594494744787
-1.4211367888536695 -0.9888218986428913
-1.4161062161497626 -0.9880593240827767
-1.4110756434458558 -0.9872717450923107
-1.406045070741949 -0.9864591816024464
-1.4010144980380421 -0.9856216541764097
-1.3959839253341355 -0.9847591840091792
-1.3909533526302287 -0.9838717929269497
-1.3859227799263218 -0.9829595033865798
-1.380892207222415 -0.9820223384750234
-1.3758616345185082 -0.9810603219087461
-1.3708310618146013 -0.9800734780331244
-1.3658004891106947 -0.9790618318218297
-1.360769916406788 -0.9780254088761964
-1.355739343702881 -0.9769642354245741
-1.3507087709989742 -0.9758783383216638
-1.3456781982950674 -0.9747677450478383
-1.3406476255911608 -0.9736324837084464
-1.335617052887254 -0.9724725830331024
-1.3305864801833471 -0.9712880723749582
-1.3255559074794403 -0.9700789817099613
-1.3205253347755335 -0.9688453416360957
-1.3154947620716266 -0.9675871833726074
-1.31046418936772 -0.9663045387592151
-1.3054336166638132 -0.9649974402553034
-1.3004030439599064 -0.9636659209391024
-1.2953724712559995 -0.9623100145068499
-1.2903418985520927 -0.960929755271939
-1.2853113258481859 -0.9595251781640495
-1.2802807531442792 -0.9580963187282644
-1.2752501804403724 -0.9566432131241696
-1.2702196077364656 -0.9551658981249396
-1.2651890350325588 -0.9536644111164065
-1.260158462328652 -0.9521387900961141
-1.255127889624745 -0.950589073672356
-1.2500973169208385 -0.9490153010631988
-1.2450667442169316 -0.9474175120954894
-1.2400361715130248 -0.9457957472038477
-1.235005598809118 -0.9441500474296426
-1.2299750261052111 -0.9424804544199538
-1.2249444534013043 -0.9407870104265175
-1.2199138806973977 -0.9390697583046579
-1.2148833079934909 -0.9373287415122017
-1.209852735289584 -0.9355640041083791
-1.2048221625856772 -0.9337755907527084
-1.1997915898817704 -0.9319635467038662
-1.1947610171778638 -0.9301279178185412
-1.189730444473957 -0.9282687505502749
-1.18469987177005 -0.9263860919482853
-1.1796692990661433 -0.9244799896562761
-1.1746387263622364 -0.9225504919112317
-1.1696081536583296 -0.9205976475421959
-1.164577580954423 -0.9186215059690361
-1.1595470082505162 -0.9166221172011934
-1.1545164355466093 -0.9145995318364162
-1.1494858628427025 -0.91255380105948
-1.1444552901387957 -0.9104849766408928
-1.1394247174348888 -0.9083931109355836
-1.1343941447309822 -0.9062782568815788
-1.1293635720270752 -0.9041404679986613
-1.1243329993231685 -0.9019797983870176
-1.119302426619262 -0.8997963027258671
-1.1142718539153549 -0.8975900362720792
-1.1092412812114483 -0.8953610548587753
-1.1042107085075412 -0.8931094148939147
-1.0991801358036346 -0.8908351733588687
-1.0941495630997276 -0.8885383878069766
-1.089118990395821 -0.8862191163620913
-1.0840884176919143 -0.8838774177171066
-1.0790578449880073 -0.881513351132473
-1.0740272722841007 -0.879126976434698
-1.0689966995801936 -0.8767183540148311
-1.063966126876287 -0.8742875448269369
-1.0589355541723804 -0.8718346103865515
-1.0539049814684733 -0.8693596127691258
-1.0488744087645667 -0.8668626146084555
-1.0438438360606597 -0.8643436790950949
-1.038813263356753 -0.8618028699747587
-1.0337826906528464 -0.8592402515467084
-1.0287521179489394 -0.8566558886621244
-1.0237215452450328 -0.8540498467224665
-1.0186909725411257 -0.8514221916778172
-1.0136603998372191 -0.848772990025214
-1.008629827133312 -0.846102308806965
-1.0035992544294055 -0.8434102156089546
-0.9985686817254988 -0.8406967785589304
-0.9935381090215918 -0.8379620663247812
-0.9885075363176852 -0.8352061481127989
-0.9834769636137781 -0.8324290936659259
-0.9784463909098715 -0.8296309732619919
-0.9734158182059649 -0.8268118577119339
-0.9683852455020578 -0.8239718183580047
-0.9633546727981512 -0.8211109270719686
-0.9583241000942442 -0.8182292562532805
-0.9532935273903376 -0.8153268788272554
-0.9482629546864305 -0.812403868243222
-0.9432323819825239 -0.8094602984726648
-0.9382018092786173 -0.8064962440073508
-0.9331712365747102 -0.8035117798574452
-0.9281406638708036 -0.8005069815496141
-0.9231100911668966 -0.7974819251251108
-0.91807951846299 -0.7944366871378543
-0.9130489457590834 -0.7913713446524892
-0.9080183730551763 -0.788285975242437
-0.9029878003512697 -0.7851806569879337
-0.8979572276473626 -0.7820554684740515
-0.892926654943456 -0.7789104887887127
-0.887896082239549 -0.7757457975206862
-0.8828655095356424 -0.7725614747575748
-0.8778349368317357 -0.7693576010837874
-0.8728043641278287 -0.7661342575785
-0.8677737914239221 -0.7628915258136048
-0.862743218720015 -0.7596294878516441
-0.8577126460161084 -0.7563482262437355
-0.8526820733122018 -0.7530478240274814
-0.8476515006082948 -0.7497283647248676
-0.8426209279043881 -0.7463899323401514
-0.8375903552004811 -0.743032611357733
-0.8325597824965745 -0.7396564867400202
-0.8275292097926679 -0.7362616439252763
-0.8224986370887608 -0.7328481688254584
-0.8174680643848542 -0.7294161478240447
-0.8124374916809471 -0.7259656677738461
-0.8074069189770405 -0.7224968159948102
-0.8023763462731335 -0.71900968027181
-0.7973457735692269 -0.7155043488524242
-0.7923152008653203 -0.7119809104447018
-0.7872846281614132 -0.7084394542149183
-0.7822540554575066 -0.7048800697853203
-0.7772234827535995 -0.7013028472318548
-0.7721929100496929 -0.6977078770818927
-0.7671623373457863 -0.6940952503119354
-0.7621317646418793 -0.6904650583453132
-0.7571011919379727 -0.6868173930498733
-0.7520706192340656 -0.6831523467356521
-0.747040046530159 -0.6794700121525418
-0.7420094738262519 -0.675770482487941
-0.7369789011223453 -0.6720538513643987
-0.7319483284184387 -0.6683202128372427
-0.7269177557145317 -0.664569661392201
-0.721887183010625 -0.6608022919430103
-0.716856610306718 -0.6570181998290135
-0.7118260376028114 -0.6532174808127484
-0.7067954648989048 -0.6494002310775222
-0.7017648921949977 -0.6455665472249785
-0.6967343194910911 -0.641716526272654
-0.691703746787184 -0.6378502656515204
-0.6866731740832774 -0.6339678632035216
-0.6816426013793708 -0.6300694171790957
-0.6766120286754638 -0.6261550262346891
-0.6715814559715572 -0.6222247894302609
-0.6665508832676501 -0.6182788062267742
-0.6615203105637435 -0.6143171764836811
-0.6564897378598364 -0.6103400004563933
-0.6514591651559298 -0.6063473787937476
-0.6464285924520232 -0.6023394125354564
-0.6413980197481162 -0.5983162031095517
-0.6363674470442096 -0.5942778523298197
-0.6313368743403025 -0.5902244623932211
-0.6263063016363959 -0.5861561358773084
-0.6212757289324893 -0.582072975737627
-0.6162451562285822 -0.577975085305111
-0.6112145835246756 -0.5738625682834695
-0.6061840108207686 -0.5697355287465593
-0.601153438116862 -0.5655940711357546
-0.5961228654129549 -0.5614383002573002
-0.5910922927090483 -0.5572683212796632
-0.5860617200051417 -0.5530842397308677
-0.5810311473012346 -0.5488861614958268
-0.576000574597328 -0.5446741928136628
-0.570970001893421 -0.5404484402750169
-0.5659394291895143 -0.5362090108193543
-0.5609088564856077 -0.5319560117322556
-0.5558782837817007 -0.5276895506427027
-0.5508477110777941 -0.5234097355203561
-0.545817138373887 -0.5191166746728203
-0.5407865656699804 -0.5148104767429056
-0.5357559929660738 -0.5104912507058761
-0.5307254202621667 -0.5061591058666932
-0.5256948475582601 -0.5018141518572505
-0.5206642748543531 -0.4974564986335966
-0.5156337021504465 -0.49308625647315585
-0.5106031294465394 -0.4887035359719342
-0.5055725567426328 -0.4843084480417238
-0.5005419840387262 -0.4799011039072932
-0.49551141133481913 -0.47548161510357384
-0.4904808386309125 -0.4710500934728389
-0.48545026592700546 -0.46660665116186983
-0.48041969322309885 -0.4621514006191219
-0.47538912051919224 -0.45768445459187534
-0.4703585478152852 -0.45320592612338334
-0.4653279751113786 -0.4487159285500127
-0.4602974024074715 -0.4442145754983728
-0.4552668297035649 -0.4397019808824431
-0.45023625699965786 -0.4351782589006876
-0.44520568429575125 -0.4306435240331675
-0.44017511159184464 -0.42609789103864176
-0.4351445388879376 -0.4215414749516639
-0.43011396618403097 -0.41697439107967216
-0.4250833934801239 -0.41239675500006867
-0.4200528207762173 -0.40780868255729763
-0.4150222480723107 -0.4032102898599112
-0.40999167536840364 -0.39860169327763195
-0.40496110266449703 -0.3939830094384096
-0.39993052996059 -0.38935435522546624
-0.39489995725668336 -0.38471584777434226
-0.38986938455277675 -0.38006760446992854
-0.3848388118488697 -0.37540974294349766
-0.3798082391449631 -0.37074238106972784
-0.37477766644105603 -0.36606563696371724
-0.3697470937371494 -0.36137962897799825
-0.36471652103324237 -0.3566844756995388
-0.35968594832933576 -0.35198029594674507
-0.35465537562542915 -0.3472672087664512
-0.3496248029215221 -0.34254533343090826
-0.3445942302176155 -0.3378147894347669
-0.33956365751370843 -0.33307569649205054
-0.3345330848098018 -0.3283281745331291
-0.3295025121058952 -0.3235723437016811
-0.32447193940198815 -0.31880832435165435
-0.31944136669808154 -0.31403623704422157
-0.3144107939941745 -0.3092562025447266
-0.3093802212902679 -0.3044683418196311
-0.3043496485863608 -0.2996727760334507
-0.2993190758824542 -0.2948696265456914
-0.2942885031785476 -0.29005901490777564
-0.28925793047464055 -0.2852410628599678
-0.28422735777073393 -0.2804158923282943
-0.2791967850668269 -0.27558362542145515
-0.27416621236292027 -0.2707443844277374
-0.26913563965901366 -0.2658982918119171
-0.2641050669551066 -0.26104547021216185
-0.2590744942512 -0.25618604243692805
-0.25404392154729294 -0.2513201314618505
-0.24901334884338633 -0.24644786042663336
-0.24398277613947972 -0.24156935263193116
-0.23895220343557266 -0.2366847315362296
-0.23392163073166605 -0.2317941207527226
-0.228891058027759 -0.226897644046181
-0.2238604853238524 -0.2219954253298241
-0.21882991261994533 -0.21708758866218011
-0.21379933991603872 -0.2121742582439504
-0.2087687672121321 -0.20725555841486315
-0.20373819450822506 -0.20233161365052812
-0.19870762180431845 -0.19740254855928796
-0.1936770491004114 -0.19246848787906162
-0.18864647639650478 -0.18752955647419123
-0.18361590369259817 -0.18258587933227916
-0.17858533098869112 -0.17763758156102624
-0.1735547582847845 -0.17268478838506712
-0.16852418558087745 -0.16772762514279807
-0.16349361287697084 -0.16276621728320878
-0.15846304017306378 -0.15780069036270394
-0.15343246746915717 -0.15283117004192953
-0.14840189476525056 -0.14785778208258962
-0.1433713220613435 -0.14288065234426506
-0.1383407493574369 -0.13789990678122976
-0.13331017665352984 -0.1329156714392602
-0.12827960394962323 -0.127928072452449
-0.12324903124571662 -0.12293723604000995
-0.11821845854180957 -0.11794328850308507
-0.11318788583790296 -0.11294635622154975
-0.1081573131339959 -0.10794656565081136
-0.10312674043008929 -0.10294404331861262
-0.09809616772618224 -0.09793891582182615
-0.09306559502227563 -0.09293130982325418
-0.08803502231836902 -0.08792135204842008
-0.08300444961446196 -0.08290916928236274
-0.07797387691055535 -0.07789488836642931
-0.0729433042066483 -0.07287863619506228
-0.06791273150274169 -0.06786053971259168
-0.06288215879883507 -0.06284072591001942
-0.05785158609492802 -0.057819321821807046
-0.05282101339102141 -0.05279645452266211
-0.047790440687114355 -0.04777225112431929
-0.042759867983207744 -0.04274683877232723
-0.037729295279301134 -0.03772034464282771
-0.03269872257539408 -0.03269289593933865
-0.02766814987148747 -0.027664619889536324
-0.022637577167580414 -0.022635643742032575
-0.017607004463673803 -0.017606094763158102
-0.012576431759766749 -0.012576100233738258
-0.007545859055860138 -0.007545787445875543
-0.0025152863519535273 -0.0025152836997251638
0.0025152863519535273 0.0025152836997251638
0.007545859055860138 0.007545787445875543
0.012576431759767193 0.012576100233738702
0.017607004463673803 0.017606094763158102
0.022637577167580414 0.022635643742032575
0.02766814987148747 0.027664619889536324
0.03269872257539408 0.03269289593933865
0.037729295279301134 0.03772034464282771
0.042759867983207744 0.04274683877232723
0.0477904406871148 0.04777225112431974
0.05282101339102141 0.05279645452266211
0.05785158609492802 0.057819321821807046
0.06288215879883507 0.06284072591001942
0.06791273150274169 0.06786053971259168
0.07294330420664874 0.07287863619506273
0.07797387691055535 0.07789488836642931
0.08300444961446196 0.08290916928236274
0.08803502231836902 0.08792135204842008
0.09306559502227563 0.09293130982325418
0.09809616772618268 0.0979389158218266
0.10312674043008929 0.10294404331861262
0.1081573131339959 0.10794656565081136
0.11318788583790296 0.11294635622154975
0.11821845854180957 0.11794328850308507
0.12324903124571662 0.12293723604000995
0.12827960394962323 0.127928072452449
0.1333101766535303 0.13291567143926064
0.1383407493574369 0.13789990678122976
0.1433713220613435 0.14288065234426506
0.14840189476525056 0.14785778208258962
0.15343246746915717 0.15283117004192953
0.15846304017306423 0.1578006903627044
0.16349361287697084 0.16276621728320878
0.16852418558087745 0.16772762514279807
0.1735547582847845 0.17268478838506712
0.17858533098869112 0.17763758156102624
0.18361590369259817 0.18258587933227916
0.18864647639650478 0.18752955647419123
0.19367704910041184 0.19246848787906204
0.19870762180431845 0.19740254855928796
0.20373819450822506 0.20233161365052812
0.2087687672121321 0.20725555841486315
0.21379933991603872 0.2121742582439504
0.21882991261994578 0.21708758866218056
0.2238604853238524 0.2219954253298241
0.228891058027759 0.226897644046181
0.23392163073166605 0.2317941207527226
0.23895220343557266 0.2366847315362296
0.24398277613947972 0.24156935263193116
0.24901334884338633 0.24644786042663336
0.25404392154729294 0.2513201314618505
0.2590744942512 0.25618604243692805
0.2641050669551066 0.26104547021216185
0.26913563965901366 0.2658982918119171
0.27416621236292027 0.2707443844277374
0.2791967850668273 0.2755836254214556
0.28422735777073393 0.2804158923282943
0.28925793047464055 0.2852410628599678
0.2942885031785476 0.29005901490777564
0.2993190758824542 0.2948696265456914
0.30434964858636127 0.2996727760334511
0.3093802212902679 0.3044683418196311
0.3144107939941745 0.3092562025447266
0.31944136669808154 0.31403623704422157
0.32447193940198815 0.31880832435165435
0.3295025121058952 0.3235723437016811
0.3345330848098018 0.3283281745331291
0.33956365751370887 0.333075696492051
0.3445942302176155 0.3378147894347669
0.3496248029215221 0.34254533343090826
0.35465537562542915 0.3472672087664512
0.35968594832933576 0.35198029594674507
0.3647165210332428 0.35668447569953926
0.3697470937371494 0.36137962897799825
0.37477766644105603 0.36606563696371724
0.3798082391449631 0.37074238106972784
0.3848388118488697 0.37540974294349766
0.38986938455277675 0.38006760446992854
0.39489995725668336 0.38471584777434226
0.3999305299605904 0.3893543552254667
0.40496110266449703 0.3939830094384096
0.40999167536840364 0.39860169327763195
0.4150222480723107 0.4032102898599112
0.4200528207762173 0.40780868255729763
0.42508339348012436 0.41239675500006906
0.43011396618403097 0.41697439107967216
0.4351445388879376 0.4215414749516639
0.44017511159184464 0.42609789103864176
0.44520568429575125 0.4306435240331675
0.4502362569996583 0.435178258900688
0.4552668297035649 0.4397019808824431
0.4602974024074715 0.4442145754983728
0.4653279751113786 0.4487159285500127
0.4703585478152852 0.45320592612338334
0.47538912051919224 0.45768445459187534
0.48041969322309885 0.4621514006191219
0.4854502659270059 0.4666066511618702
0.4904808386309125 0.4710500934728389
0.49551141133481913 0.47548161510357384
0.5005419840387262 0.4799011039072932
0.5055725567426328 0.4843084480417238
0.5106031294465398 0.4887035359719346
0.5156337021504465 0.49308625647315585
0.5206642748543531 0.4974564986335966
0.5256948475582601 0.5018141518572505
0.5307254202621667 0.5061591058666932
0.5357559929660738 0.5104912507058761
0.5407865656699804 0.5148104767429056
0.5458171383738875 0.5191166746728207
0.5508477110777941 0.5234097355203561
0.5558782837817007 0.5276895506427027
0.5609088564856077 0.5319560117322556
0.5659394291895143 0.5362090108193543
0.5709700018934214 0.5404484402750173
0.576000574597328 0.5446741928136628
0.5810311473012346 0.5488861614958268
0.5860617200051417 0.5530842397308677
0.5910922927090483 0.5572683212796632
0.5961228654129553 0.5614383002573007
0.601153438116862 0.5655940711357546
0.6061840108207686 0.5697355287465593
0.6112145835246756 0.5738625682834695
0.6162451562285822 0.577975085305111
0.6212757289324893 0.582072975737627
0.6263063016363959 0.5861561358773084
0.631336874340303 0.5902244623932215
0.6363674470442096 0.5942778523298197
0.6413980197481162 0.5983162031095517
0.6464285924520232 0.6023394125354564
0.6514591651559298 0.6063473787937476
0.6564897378598369 0.6103400004563936
0.6615203105637435 0.6143171764836811
0.6665508832676501 0.6182788062267742
0.6715814559715572 0.6222247894302609
0.6766120286754638 0.6261550262346891
0.6816426013793708 0.6300694171790957
0.6866731740832774 0.6339678632035216
0.6917037467871845 0.6378502656515207
0.6967343194910911 0.641716526272654
0.7017648921949977 0.6455665472249785
0.7067954648989048 0.6494002310775222
0.7118260376028114 0.6532174808127484
0.7168566103067184 0.6570181998290139
0.721887183010625 0.6608022919430103
0.7269177557145317 0.664569661392201
0.7319483284184387 0.6683202128372427
0.7369789011223453 0.6720538513643987
0.7420094738262524 0.6757704824879412
0.747040046530159 0.6794700121525418
0.7520706192340656 0.6831523467356521
0.7571011919379727 0.6868173930498733
0.7621317646418793 0.6904650583453132
0.7671623373457863 0.6940952503119354
0.7721929100496929 0.6977078770818927
0.7772234827536 0.7013028472318551
0.7822540554575066 0.7048800697853203
0.7872846281614132 0.7084394542149183
0.7923152008653203 0.7119809104447018
0.7973457735692269 0.7155043488524242
0.8023763462731339 0.7190096802718103
0.8074069189770405 0.7224968159948102
0.8124374916809471 0.7259656677738461
0.8174680643848542 0.7294161478240447
0.8224986370887608 0.7328481688254584
0.8275292097926679 0.7362616439252763
0.8325597824965745 0.7396564867400202
0.8375903552004815 0.7430326113577332
0.8426209279043881 0.7463899323401514
0.8476515006082948 0.7497283647248676
0.8526820733122018 0.7530478240274814
0.8577126460161084 0.7563482262437355
0.8627432187200155 0.7596294878516443
0.8677737914239225 0.7628915258136051
0.8728043641278287 0.7661342575785
0.8778349368317357 0.7693576010837874
0.8828655095356428 0.7725614747575751
0.887896082239549 0.7757457975206862
0.892926654943456 0.7789104887887127
0.8979572276473631 0.7820554684740517
0.9029878003512692 0.7851806569879334
0.9080183730551763 0.788285975242437
0.9130489457590834 0.7913713446524892
0.9180795184629904 0.7944366871378545
0.9231100911668966 0.7974819251251108
0.9281406638708036 0.8005069815496141
0.9331712365747107 0.8035117798574455
0.9382018092786168 0.8064962440073504
0.9432323819825239 0.8094602984726648
0.948262954686431 0.8124038682432223
0.953293527390338 0.8153268788272557
0.9583241000942442 0.8182292562532805
0.9633546727981512 0.8211109270719686
0.9683852455020583 0.8239718183580049
0.9734158182059645 0.8268118577119336
0.9784463909098715 0.8296309732619919
0.9834769636137786 0.8324290936659261
0.9885075363176847 0.8352061481127987
0.9935381090215918 0.8379620663247812
0.9985686817254988 0.8406967785589304
1.003599254429406 0.8434102156089548
1.008629827133312 0.846102308806965
1.0136603998372191 0.848772990025214
1.0186909725411262 0.8514221916778174
1.0237215452450323 0.8540498467224663
1.0287521179489394 0.8566558886621244
1.0337826906528464 0.8592402515467084
1.0388132633567535 0.861802869974759
1.0438438360606597 0.8643436790950949
1.0488744087645667 0.8668626146084555
1.0539049814684738 0.869359612769126
1.05893555417238 0.8718346103865513
1.063966126876287 0.8742875448269369
1.068996699580194 0.8767183540148313
1.0740272722841002 0.8791269764346978
1.0790578449880073 0.881513351132473
1.0840884176919143 0.8838774177171066
1.0891189903958214 0.8862191163620914
1.0941495630997276 0.8885383878069766
1.0991801358036346 0.8908351733588687
1.1042107085075417 0.8931094148939149
1.1092412812114478 0.8953610548587752
1.1142718539153549 0.8975900362720792
1.119302426619262 0.8997963027258671
1.124332999323169 0.9019797983870178
1.1293635720270752 0.9041404679986613
1.1343941447309822 0.9062782568815788
1.1394247174348893 0.9083931109355838
1.1444552901387954 0.9104849766408927
1.1494858628427025 0.91255380105948
1.1545164355466095 0.9145995318364162
1.1595470082505166 0.9166221172011936
1.1645775809544228 0.9186215059690361
1.1696081536583298 0.920597647542196
1.1746387263622369 0.922550491911232
1.179669299066143 0.9244799896562761
1.18469987177005 0.9263860919482853
1.1897304444739571 0.928268750550275
1.1947610171778633 0.9301279178185411
1.1997915898817704 0.9319635467038662
1.2048221625856774 0.9337755907527086
1.2098527352895845 0.9355640041083793
1.2148833079934906 0.9373287415122016
1.2199138806973977 0.9390697583046579
1.2249444534013048 0.9407870104265177
1.229975026105211 0.9424804544199537
1.235005598809118 0.9441500474296426
1.240036171513025 0.9457957472038478
1.245066744216932 0.9474175120954896
1.2500973169208383 0.9490153010631986
1.2551278896247453 0.950589073672356
1.2601584623286524 0.9521387900961142
1.2651890350325585 0.9536644111164064
1.2702196077364656 0.9551658981249396
1.2752501804403726 0.9566432131241697
1.2802807531442788 0.9580963187282643
1.2853113258481859 0.9595251781640495
1.290341898552093 0.960929755271939
1.295372471256 0.96231001450685
1.3004030439599061 0.9636659209391023
1.3054336166638132 0.9649974402553034
1.3104641893677202 0.9663045387592152
1.3154947620716264 0.9675871833726074
1.3205253347755335 0.9688453416360957
1.3255559074794405 0.9700789817099614
1.3305864801833476 0.9712880723749583
1.3356170528872537 0.9724725830331022
1.3406476255911608 0.9736324837084464
1.3456781982950679 0.9747677450478383
1.350708770998974 0.9758783383216637
1.355739343702881 0.9769642354245741
1.3607699164067881 0.9780254088761964
1.3658004891106952 0.9790618318218297
1.3708310618146013 0.9800734780331244
1.3758616345185084 0.9810603219087461
1.3808922072224155 0.9820223384750235
1.3859227799263216 0.9829595033865797
1.3909533526302287 0.9838717929269497
1.3959839253341357 0.9847591840091793
1.401014498038042 0.9856216541764096
1.406045070741949 0.9864591816024464
1.411075643445856 0.9872717450923107
1.416106216149763 0.9880593240827767
1.4211367888536692 0.9888218986428913
1.4261673615575763 0.9895594494744787
1.4311979342614833 0.990271957912629
1.4362285069653895 0.9909594059261699
1.4412590796692966 0.9916217761181242
1.4462896523732036 0.9922590517261486
1.4513202250771107 0.9928712166229587
1.4563507977810168 0.9934582553167375
1.461381370484924 0.9940201529515267
1.466411943188831 0.9945568953076027
1.4714425158927371 0.995068468801837
1.4764730885966442 0.9955548604880395
1.4815036613005512 0.9960160580572864
1.4865342340044574 0.9964520498382313
1.4915648067083644 0.9968628247974011
1.4965953794122715 0.9972483725394746
1.5016259521161786 0.9976086833075464
1.5066565248200847 0.9979437479833725
1.5116870975239918 0.9982535580876029
1.5167176702278988 0.9985381057799942
1.521748242931805 0.9987973838596097
1.526778815635712 0.9990313857650005
1.531809388339619 0.9992401055743719
1.5368399610435262 0.9994235380057336
1.5418705337474323 0.9995816784170327
1.5469011064513394 0.9997145228062719
1.5519316791552464 0.9998220678116102
1.5569622518591526 0.9999043107114484
1.5619928245630597 0.9999612494244975
1.5670233972669667 0.9999928825098318
1.5720539699708729 0.9999992091669252
1.57708454267478 0.9999802292356715
1.582115115378687 0.9999359431963885
1.587145688082594 0.9998663521698054
1.5921762607865002 0.9997714579170351
1.5972068334904073 0.9996512628395295
1.6022374061943143 0.9995057699790183
1.6072679788982205 0.9993349830174323
1.6122985516021275 0.99913890627681
1.6173291243060346 0.998917544719189
1.6223596970099416 0.9986709039464795
1.6273902697138478 0.998398990200323
1.6324208424177549 0.9981018103619339
1.637451415121662 0.9977793719519261
1.642481987825568 0.9974316831301224
1.6475125605294751 0.9970587526953474
1.6525431332333822 0.9966605900852056
1.6575737059372893 0.9962372053758421
1.6626042786411954 0.9957886092816883
1.6676348513451025 0.9953148131551897
1.6726654240490095 0.9948158289865191
1.6776959967529157 0.9942916694032736
1.6827265694568228 0.9937423476701546
1.6877571421607298 0.9931678776886319
1.692787714864636 0.9925682739965924
1.697818287568543 0.9919435517679719
1.70284886027245 0.9912937268123712
1.7078794329763571 0.9906188155746558
1.7129100056802633 0.9899188351345404
1.7179405783841704 0.9891938032061556
1.7229711510880774 0.9884437381376003
1.7280017237919836 0.9876686589104781
1.7330322964958906 0.9868685851394146
1.7380628691997977 0.9860435370715639
1.7430934419037047 0.9851935355860941
1.748124014607611 0.9843186021936603
1.753154587311518 0.9834187590358587
1.758185160015425 0.982494028884668
1.7632157327193312 0.981544435141872
1.7682463054232382 0.9805700018384672
1.7732768781271453 0.9795707536340561
1.7783074508310515 0.9785467158162215
1.7833380235349585 0.9774979142998873
1.7883685962388656 0.9764243756266627
1.7933991689427726 0.9753261269641706
1.7984297416466788 0.97420319610536
1.8034603143505858 0.973055611467802
1.808490887054493 0.9718834020929714
1.813521459758399 0.9706865976455125
1.8185520324623061 0.969465228412486
1.8235826051662132 0.9682193253026049
1.8286131778701202 0.9669489198454515
1.8336437505740264 0.9656540441906792
1.8386743232779335 0.9643347311071988
1.8437048959818405 0.96299101398235
1.8487354686857467 0.9616229268210558
1.8537660413896537 0.960230504244962
1.8587966140935608 0.9588137814915615
1.863827186797467 0.9573727944133026
1.868857759501374 0.9559075794766801
1.873888332205281 0.9544181737613153
1.8789189049091881 0.9529046149590149
1.8839494776130943 0.9513669413728192
1.8889800503170013 0.9498051919160309
1.8940106230209084 0.9482194061112321
1.8990411957248146 0.9466096240892833
1.9040717684287216 0.9449758865883073
1.9091023411326287 0.9433182349526593
1.9141329138365357 0.9416367111318802
1.9191634865404419 0.9399313576796349
1.924194059244349 0.9382022177526349
1.929224631948256 0.9364493351095473
1.9342552046521622 0.934672754109887
1.9392857773560692 0.9328725197128932
1.9443163500599763 0.9310486774763926
1.9493469227638833 0.9292012735556467
1.9543774954677895 0.9273303547021834
1.9594080681716965 0.9254359682626124
1.9644386408756036 0.92351816217743
1.9694692135795098 0.921576984979804
1.9744997862834168 0.9196124857943448
1.9795303589873239 0.9176247143358643
1.98456093169123 0.9156137209081167
1.989591504395137 0.9135795564025241
1.9946220770990442 0.9115222722968916
1.9996526498029512 0.9094419206541025
2.0046832225068574 0.907338554120801
2.0097137952107644 0.9052122259260598
2.0147443679146715 0.903062989880034
2.0197749406185777 0.9008909003725989
2.0248055133224847 0.8986960123719722
2.0298360860263918 0.8964783814233254
2.034866658730299 0.8942380636473762
2.039897231434205 0.8919751157389699
2.044927804138112 0.8896895949656418
2.049958376842019 0.8873815591661717
2.0549889495459253 0.8850510667491179
2.0600195222498323 0.8826981766913385
2.0650500949537394 0.8803229485365012
2.0700806676576455 0.877925442393575
2.0751112403615526 0.8755057189353079
2.0801418130654596 0.8730638393966946
2.0851723857693667 0.870599865573424
2.090202958473273 0.8681138598203171
2.09523353117718 0.8656058850497471
2.100264103881087 0.8630760047300496
2.105294676584993 0.8605242828839157
2.1103252492889 0.8579507840867697
2.1153558219928073 0.8553555734651384
2.1203863946967143 0.8527387166950003
2.1254169674006205 0.8501002800001257
2.1304475401045275 0.8474403301503975
2.1354781128084346 0.8447589344601255
2.1405086855123407 0.8420561607863405
2.145539258216248 0.8393320775270766
2.150569830920155 0.8365867536196424
2.155600403624062 0.8338202585388749
2.160630976327968 0.831032662295382
2.165661549031875 0.8282240354337691
2.170692121735782 0.8253944490308569
2.1757226944396884 0.8225439746938806
2.1807532671435954 0.8196726845586771
2.1857838398475025 0.8167806512878618
2.1908144125514086 0.8138679480689885
2.1958449852553157 0.8109346486126957
2.2008755579592227 0.8079808271508447
2.20590613066313 0.8050065584346382
2.210936703367036 0.8020119177327304
2.215967276070943 0.7989969808293196
2.22099784877485 0.7959618240222338
2.2260284214787562 0.7929065241209982
2.2310589941826633 0.7898311584448896
2.2360895668865703 0.7867358048209835
2.2411201395904774 0.7836205415821818
2.2461507122943836 0.7804854475652314
2.2511812849982906 0.7773306021087281
2.2562118577021977 0.7741560850511106
2.261242430406104 0.7709619767286394
2.266273003110011 0.7677483579733618
2.271303575813918 0.7645153101110697
2.276334148517824 0.7612629149592396
2.281364721221731 0.7579912548249608
2.2863952939256382 0.7547004125028555
2.2914258666295453 0.7513904712729815
2.2964564393334514 0.7480615148987259
2.3014870120373585 0.7447136276246827
2.3065175847412656 0.7413468941745245
2.3115481574451717 0.7379613997488568
2.316578730149079 0.73455723002306
2.321609302852986 0.7311344711451246
2.326639875556893 0.7276932097334692
2.331670448260799 0.7242335328747492
2.336701020964706 0.7207555281216506
2.341731593668613 0.7172592834906782
2.3467621663725193 0.7137448874599263
2.3517927390764264 0.7102124289668376
2.3568233117803334 0.7066619974059563
2.3618538844842396 0.703093682626664
2.3668844571881467 0.6995075749309043
2.3719150298920537 0.6959037650709007
2.3769456025959608 0.6922823442468579
2.381976175299867 0.688643404104655
2.387006748003774 0.6849870367335238
2.392037320707681 0.681313334663722
2.397067893411587 0.6776223908641898
2.4020984661154943 0.6739142987401953
2.4071290388194013 0.6701891521309739
2.4121596115233084 0.6664470453073521
2.4171901842272145 0.6626880729693625
2.4222207569311216 0.6589123302438445
2.4272513296350287 0.6551199126820412
2.432281902338935 0.6513109162571791
2.437312475042842 0.6474854373620378
2.442343047746749 0.6436435728065141
2.447373620450656 0.6397854198151698
2.452404193154562 0.635911076024772
2.457434765858469 0.6320206394818207
2.4624653385623763 0.6281142086400703
2.4674959112662824 0.6241918823580369
2.4725264839701895 0.6202537598964942
2.4775570566740965 0.6162999409159657
2.4825876293780027 0.6123305254742007
2.4876182020819098 0.6083456140236396
2.492648774785817 0.6043453074088767
2.497679347489724 0.6003297068641048
2.50270992019363 0.5962989140105548
2.507740492897537 0.5922530308539214
2.512771065601444 0.5881921597817861
2.5178016383053503 0.5841164035610231
2.5228322110092574 0.5800258653351977
2.5278627837131644 0.5759206486219594
2.5328933564170715 0.5718008573104195
2.5379239291209776 0.5676665956585244
2.5429545018248847 0.5635179682904129
2.5479850745287917 0.5593550801937739
2.553015647232698 0.5551780367171867
2.558046219936605 0.5509869435674533
2.563076792640512 0.5467819068069273
2.568107365344418 0.5425630328508279
2.5731379380483252 0.5383304284645446
2.5781685107522323 0.5340842007609397
2.5831990834561394 0.5298244571976345
2.5882296561600455 0.5255513055742922
2.5932602288639526 0.5212648540298855
2.5982908015678596 0.5169652110399658
2.603321374271766 0.5126524854139153
2.608351946975673 0.5083267862921905
2.61338251967958 0.5039882231435661
2.618413092383487 0.4996369057623602
2.623443665087393 0.49527294426565854
2.6284742377913 0.4908964490905241
2.6335048104952072 0.48650753099120697
2.6385353831991134 0.48210630103633945
2.6435659559030205 0.47769287060612275
2.6485965286069275 0.4732673513895131
2.6536271013108337 0.46882985538139277
2.6586576740147407 0.46438049487973393
2.663688246718648 0.45991938248276093
2.668718819422555 0.45544663108609806
2.673749392126461 0.450962353879914
2.678779964830368 0.44646666434605425
2.683810537534275 0.4419596762551739
2.6888411102381813 0.43744150366385626
2.6938716829420883 0.432912260911724
2.6989022556459954 0.4283720626185505
2.7039328283499025 0.4238210236813557
2.7089634010538086 0.4192592592715005
2.7139939737577157 0.41468688483176863
2.7190245464616227 0.41010401607345015
2.724055119165529 0.4055107689734107
2.729085691869436 0.40090725977115405
2.734116264573343 0.39629360496588556
2.73914683727725 0.39166992131356043
2.7441774099811562 0.3870363258239309
2.7492079826850633 0.38239293575758165
2.7542385553889703 0.37773986862296743
2.7592691280928765 0.3730772421734367
2.7642997007967836 0.36840517440424925
2.7693302735006906 0.36372378354959517
2.7743608462045968 0.35903318807960033
2.779391418908504 0.3543335066973255
2.784421991612411 0.3496248583357677
2.789452564316318 0.34490736215484696
2.794483137020224 0.34018113753839235
2.799513709724131 0.33544630409111764
2.804544282428038 0.33070298163559936
2.8095748551319444 0.325951290209242
2.8146054278358514 0.32119135006123795
2.8196360005397585 0.31642328164952915
2.8246665732436655 0.3116472056377555
2.8296971459475717 0.306863242892203
2.8347277186514788 0.30207151447874164
2.839758291355386 0.29727214165976645
2.844788864059292 0.2924652458911267
2.849819436763199 0.28765094881904935
2.854850009467106 0.28282937227706567
2.8598805821710123 0.2780006382829258
2.8649111548749193 0.27316486903550813
2.8699417275788264 0.268322186911732
2.8749723002827334 0.2634727144634572
2.8800028729866396 0.25861657441438474
2.8850334456905466 0.2537538896569472
2.8900640183944537 0.24888478324920416
2.89509459109836 0.24400937841172543
2.900125163802267 0.2391277985244701
2.905155736506174 0.23424016712366943
2.910186309210081 0.2293466078986971
2.915216881913987 0.22444724468894076
2.9202474546178943 0.2195422014806646
2.9252780273218013 0.21463160240387702
2.9303086000257075 0.20971557172918648
2.9353391727296145 0.20479423386465426
2.9403697454335216 0.19986771335265116
2.9454003181374286 0.19493613486670233
2.950430890841335 0.18999962320833402
2.955461463545242 0.1850583033039117
2.960492036249149 0.1801123002014838
2.965522608953055 0.1751617390676147
2.970553181656962 0.17020674518421441
2.975583754360869 0.16524744394537344
2.9806143270647754 0.16028396085418684
2.9856448997686824 0.1553164215195756
2.9906754724725895 0.150344951653113
2.9957060451764965 0.14536967706583998
3.0007366178804027 0.14039072366508282
3.0057671905843097 0.13540821745126358
3.010797763288217 0.13042228451471652
3.015828335992123 0.12543305103249464
3.02085890869603 0.12044064326517395
3.025889481399937 0.11544518755366348
3.030920054103844 0.1104468103160045
3.0359506268077503 0.10544563804417308
3.0409811995116574 0.10044179730087546
3.0460117722155644 0.09543541471635054
3.0510423449194706 0.09042661698516258
3.0560729176233776 0.08541553086299232
3.0611034903272847 0.08040228316343462
3.066134063031191 0.07538700075478649
3.071164635735098 0.07036981055683393
3.076195208439005 0.0653508395376452
3.081225781142912 0.06033021471035427
3.086256353846818 0.055308063129948244
3.0912869265507252 0.05028451189004854
3.0963174992546323 0.04525968811969983
3.1013480719585385 0.040233718980150254
3.1063786446624455 0.03520673166163068
3.1114092173663526 0.03017885338014129
3.1164397900702596 0.02515021137422864
3.121470362774166 0.020120932901767453
3.126500935478073 0.015091145236736585
3.13153150818198 0.010060975666003502
3.136562080885886 0.005030551486100404
3.141592653589793 1.2246467991473532e-16
